-67.37
79.06
113.34
12.18
29.82
208.48
-32.79
-20.06
-42.39
-41.24
22.63
-38.96
29.85
33.6
-1.16
16.41
1.52
-20.55
206.97
276.24
51.44
-49.8
-155.97
54.06
11.86
26.86
-39.02
10.86
38.18
360.76
79.20
13.52
-118.92
-0.52
193.32
94.08
39.91
6.07
-20.22
-8.77
-89.96
-61.31
25.29
47.29
17.02
-396.62
48.12
18.29
-12.30
-2.46
154.53
-178.43
-234.27
10.95
9.29
26.63
-1.95
-14.82
-5.44
-48.83
-5.91
52.18
35.43
-11.54
-2.67
9.60
-84.14
-10.71
-6.39
-36.32
16.18
6.6
12.83
3.79
-5.65
-247.64
44.15
9.53
2.61
78.39
22.98
-7.49
7.82
-51.68
9.86
19.34
4.60
59.71
82.64
-16.24
-22.05
17.12
-25.61



